1 19.280649023130536 49.4022908853367
2 71.3041318114847 -52.11377798113972
3 53.72307011857629 -0.6155938608571887
4 -56.30348832346499 -45.63941438682377
5 -45.35082879010588 32.46582529973239
6 24.002099153585732 45.708205411210656
7 -91.6793530806899 54.613499832339585
8 -0.4222172312438488 22.851363057270646
9 -24.136295914649963 -88.17553000990301
10 -6.418099696747959 0.8378264494240284
11 20.638516475446522 -33.75103154685348
12 -28.082370827905834 12.199419364333153
13 71.5289584826678 -12.851437530480325
14 46.89212597440928 -9.051468526013196
15 41.14117696881294 16.177573264576495
16 87.66646969597787 49.8238051077351
17 2.0010090433061123 47.13896668981761
18 -67.37780168186873 8.118076785467565
19 -38.71239873114973 -37.48790598474443
20 -4.595409845933318 27.05867609474808
21 -56.75887989345938 -55.50514224451035
22 -17.12213570717722 61.840439890511334
23 40.06362778600305 -1.549685187637806
24 25.011449540033937 11.605111486278474
25 -95.42457014322281 -68.78133700229228
26 55.76962698251009 16.813045390881598
27 -11.905102501623333 33.903417247347534
28 -43.723792233504355 -25.62443488277495
29 12.686618464067578 -55.15882992185652
30 29.620296391658485 -41.38814003672451
31 6.950781564228237 38.04144952446222
32 33.65810769610107 25.56142914108932
33 -21.155760250985622 -17.888825782574713
34 -65.52577847614884 18.348690681159496
35 31.929637026041746 61.84486695565283
36 35.44704832602292 33.745762216858566
37 -54.63531145360321 -28.398513630963862
38 -80.49161105882376 -44.67838699929416
39 -63.60722724348307 -74.48462804313749
40 -6.460061646066606 36.327653960324824
41 -2.908133273012936 54.397515137679875
42 -44.45776927750558 6.519816676154733
43 26.471267663873732 50.58625072706491
44 -58.60539737623185 3.645058232359588
45 54.907749872654676 22.248054202646017
46 -59.698360529728234 -69.54315514303744
47 -39.381363755092025 -62.715390883386135
48 -21.384146064519882 32.3562478646636
49 35.410312144085765 27.13816042523831
50 87.91081318631768 76.48529480211437
51 -16.837132698856294 81.72479707282037
52 30.136349564418197 -32.12580485269427
53 -70.31093763653189 -30.285382410511374
54 -20.603956514969468 -12.367432634346187
55 6.267153029330075 10.286837443709373
56 -67.26219274569303 -7.364115142263472
57 -40.06641739979386 7.253138185478747
58 -36.66420339141041 -28.1715587945655
59 31.715163053013384 1.6750502167269588
60 -5.062292935326695 21.546384086832404
61 8.373201871290803 -32.17804576270282
62 12.890771660022438 76.43015566281974
63 -12.79554539360106 3.4038029378280044
64 23.27372853178531 -39.811325375922024
65 -17.528609395958483 -49.79069207329303
66 -7.8752011293545365 19.806359708309174
67 11.485650204122066 12.837388273328543
68 3.8407988380640745 53.24441611301154
69 -62.78987179975957 -9.244071575812995
70 47.089240280911326 -11.967288888990879
71 47.122527519240975 -32.89270121604204
72 62.40196053404361 -41.55250850599259
73 -1.1303043691441417 38.331468403339386
74 -12.46725581586361 40.78789232298732
75 -24.21546767000109 8.134664036333561
76 -11.7079374846071 -10.949006536975503
77 0.2473694970831275 -71.00563612766564
78 -47.847904614172876 -26.31961351726204
79 28.50750251673162 32.38529902882874
80 -24.156557978130877 0.8193613030016422
81 -10.551908169873059 -45.947812660597265
82 -26.972630410455167 5.2385429153218865
83 -49.2677258560434 37.351196352392435
84 -25.69928984157741 10.739010921679437
85 -78.09814387001097 -0.5899708718061447
86 5.418874369934201 -17.646786896511912
87 -10.325042461045086 31.363409524783492
88 2.1103029837831855 31.172803370282054
89 -25.058310176245868 -31.28328479360789
90 -27.742622536607087 -26.091140671633184
91 -10.393714648671448 -76.03047620505095
92 54.05011286493391 0.7011742098256946
93 45.57984583079815 -29.871227173134685
94 51.218059565871954 -5.964689212851226
95 -59.45759473834187 15.469299256801605
96 -38.67682502605021 -3.6353273782879114
97 10.548156732693315 -33.16014839801937
98 51.043557724915445 -13.022564211860299
99 -25.570995244197547 -83.36613904684782
100 38.640640466474 5.473603890277445