1 16808 475250
2 650074 943659
3 108931 211273
4 27545 850879
5 777924 237710
6 564441 438166
7 484493 243043
8 807988 522504
9 282328 531730
10 378841 542613
11 544304 833170
12 817710 97158
13 129561 570934
14 493100 280279
15 351817 795336
16 899098 807827
17 613513 929268
18 723811 877634
19 580980 379150
20 236580 558822
21 511968 10673
22 901394 819337
23 125486 91746
24 425229 894092
25 640195 186358
26 35002 921154
27 616709 357945
28 515669 571491
29 788125 702197
30 509531 60904
31 727723 454667
32 728550 118025
33 797802 806854
34 540978 847409
35 308229 374934
36 260299 938982
37 28636 408014
38 623866 389815
39 739064 554537
40 339426 1670
41 724116 220095
42 75630 446502
43 546518 934196
44 30106 810405
45 319452 194299
46 782189 821124
47 799506 246883
48 406753 731567
49 936717 130338
50 354439 53145
51 851502 844898
52 783872 955829
53 111138 619359
54 153178 982398
55 722295 477905
56 621610 946232
57 959746 844176
58 853636 266299
59 98143 880400
60 827969 90413
61 400261 673558
62 441595 688009
63 716396 325969
64 119114 204531
65 471007 910963
66 797943 285366
67 842083 179853
68 530768 633822
69 185696 824713
70 973672 859902
71 248591 724832
72 314739 153058
73 631617 819791
74 555641 110680
75 437336 77007
76 497973 936099
77 649096 975320
78 583455 345224
79 112290 556761
80 948906 586127
81 236124 129507
82 45814 476771
83 935239 329095
84 896221 987845
85 712367 140535
86 725227 915395
87 941364 318739
88 607845 559591
89 436551 145160
90 808624 764948
91 597386 307218
92 195273 755540
93 399248 242386
94 413497 894886
95 140624 682421
96 28145 531969
97 335736 699916
98 161626 663535
99 46043 796012
100 454680 24153
101 575245 977296
102 878819 590397
103 87693 301816
104 112992 740034
105 122670 119398
106 489554 410548
107 975826 121211
108 729663 830212
109 533809 273378
110 822762 626
111 737336 401869
112 977996 2777
113 62768 997440
114 829875 689332
115 540557 456302
116 468873 300561
117 120095 918985
118 113756 639790
119 851408 828016
120 30194 222770
121 15681 303456
122 16856 267507
123 170964 233503
124 586677 863109
125 963250 602332
126 277845 887639
127 760809 939998
128 428652 54850
129 645204 495732
130 796532 198015
131 395420 636776
132 42010 530181
133 687930 995224
134 244055 588261
135 76738 991546
136 747318 837526
137 204201 134257
138 421565 960598
139 306649 337705
140 225551 925151
141 541977 301413
142 938555 482798
143 102505 348382
144 34749 7066
145 659379 847700
146 878210 725130
147 578554 265484
148 650448 264608
149 180774 45323
150 664306 755177
151 170054 927225
152 784631 280367
153 205401 660445
154 495371 570286
155 883017 193899
156 608156 841134
157 515558 696577
158 953179 658267
159 187358 221712
160 227879 320615
161 474820 795738
162 983134 620592
163 623721 48763
164 306634 976198
165 576032 238589
166 860590 54874
167 998878 637305
168 979359 861201
169 777255 68961
170 14916 293948
171 645481 207731
172 669956 674547
173 837108 841239
174 340001 984927
175 545036 774858
176 561114 250115
177 929594 601361
178 498355 968419
179 25358 342586
180 313730 721016
181 776564 106103
182 860918 786644
183 819420 62968
184 547748 245270
185 855396 423304
186 404474 719104
187 711749 424386
188 205659 163460
189 45407 673931
190 739825 285133
191 300974 959604
192 246898 907921
193 603951 135232
194 488481 620204
195 213901 824521
196 462534 481259
197 217004 618677
198 820951 423935
199 558781 279880
200 941833 482575
201 433550 174543
202 306250 252772
203 766311 915880
204 200984 669971
205 392041 82724
206 73651 902972
207 753230 190319
208 917747 710300
209 687231 185622
210 270777 850125
211 668245 76959
212 747697 666772
213 829065 791561
214 56599 318752
215 869941 764504
216 789552 192802
217 427206 315081
218 780419 559275
219 659650 40414
220 783321 519026
221 322013 901784
222 854789 624118
223 424009 81551
224 265325 319196
225 451258 824512
226 835691 438667
227 262411 760594
228 490554 809566
229 190961 228743
230 151404 254353
231 7308 256142
232 244911 413201
233 192800 343128
234 120172 157788
235 334415 31626
236 116642 619518
237 55349 901843
238 114316 515975
239 181446 211374
240 972221 739912
241 509240 245055
242 641306 556930
243 382254 354190
244 815167 204357
245 359305 659861
246 645899 5593
247 901721 866117
248 151581 98868
249 149353 26940
250 178699 494902
251 160812 716617
252 756892 848672
253 331729 326672
254 951662 77046
255 303121 620241
256 317159 299454
257 769628 685351
258 853712 535564
259 629595 207534
260 401728 307828
261 398796 919532
262 737443 351517
263 885007 478516
264 466925 642602
265 627098 168662
266 967104 34325
267 980109 44937
268 2282 517016
269 43711 963217
270 301906 775974
271 767782 882721
272 270792 481170
273 297866 715828
274 329537 616729
275 357126 320385
276 580168 789950
277 500477 416047
278 521577 568667
279 577468 260521
280 627385 341992
281 425211 333259
282 428212 268745
283 419519 685719
284 321935 666826
285 280768 658690
286 449819 73015
287 211826 102919
288 958029 333030
289 78035 6728
290 151241 933755
291 486541 408397
292 90936 203084
293 48049 846866
294 87012 615253
295 553065 377877
296 17238 232676
297 70246 482711
298 470416 728193
299 24711 454748
300 463038 701300
301 368448 949716
302 241694 259580
303 567130 195165
304 333980 553502
305 295526 110290
306 574959 114034
307 211801 165090
308 87671 535218
309 880847 521039
310 509544 240339
311 385937 603322
312 597720 536497
313 791248 943789
314 428360 425988
315 145036 765236
316 383913 185685
317 745990 683785
318 263735 422668
319 500520 972616
320 167046 665977
321 326662 365826
322 182820 271632
323 422904 72699
324 936799 92640
325 914005 909504
326 800680 748766
327 207392 904108
328 264925 314366
329 57122 114455
330 777107 127451
331 51704 530833
332 71033 932142
333 961655 281978
334 942218 753901
335 357290 173466
336 84748 3623
337 289880 459318
338 301517 564049
339 182763 121030
340 649040 52709
341 605904 502658
342 510762 375753
343 561467 108622
344 44558 6997
345 426956 266931
346 21495 645556
347 192222 429313
348 802294 231428
349 142233 477445
350 234792 402199
351 549153 444857
352 273571 464304
353 627440 712915
354 735800 626767
355 591836 981922
356 846044 122753
357 574087 289720
358 439151 168411
359 418624 44670
360 409606 349944
361 437312 922432
362 977993 139817
363 138700 786972
364 180640 501371
365 325837 679892
366 182858 94834
367 383329 518178
368 474411 217684
369 885177 523490
370 972092 70435
371 484712 226905
372 491027 464892
373 610791 500523
374 559365 706891
375 924885 116814
376 341442 907128
377 316180 185785
378 994538 329871
379 387562 32582
380 374166 545803
381 357733 367333
382 347855 459760
383 609848 972378
384 940463 979011
385 943820 298151
386 413378 900942
387 143837 826721
388 832300 396113
389 734760 219957
390 974391 536153
391 330049 695015
392 959045 514919
393 240151 350102
394 741296 819822
395 295732 644502
396 128246 154962
397 946058 703511
398 593929 350806
399 662174 782138
400 309670 439097
401 4504 447422
402 318676 278519
403 224301 276490
404 740263 532055
405 868264 358644
406 24890 245251
407 776736 469416
408 31365 52495
409 850964 867759
410 985653 485093
411 957317 766715
412 761421 958061
413 807451 63369
414 78742 891848
415 199197 4788
416 902502 188235
417 93129 270572
418 377449 687876
419 817254 641872
420 669330 562294
421 433720 973472
422 738821 725765
423 681080 142631
424 594411 688081
425 266114 863343
426 398139 248383
427 146045 698829
428 998394 863576
429 800981 109001
430 945597 5948
431 767371 266088
432 506544 952734
433 262853 490262
434 376825 554401
435 982381 370779
436 871858 373424
437 59499 567015
438 252846 261663
439 468510 726611
440 596850 709219
441 19291 775056
442 285744 518556
443 236386 606535
444 86276 877322
445 811152 921227
446 775252 694460
447 632784 316715
448 366438 337880
449 907699 914101
450 383138 94286
451 445879 918285
452 470343 164916
453 45961 63068
454 735141 810708
455 543567 320729
456 563 466364
457 241970 242891
458 712624 222279
459 917314 245762
460 127011 834841
461 576979 646001
462 207395 734508
463 187657 166552
464 761787 993432
465 554545 880740
466 408777 507585
467 74253 374109
468 275515 991455
469 595020 783029
470 466672 592371
471 756664 867948
472 684025 424544
473 916855 306009
474 114982 780553
475 986289 768164
476 508360 411020
477 255380 195357
478 419462 408488
479 308354 743900
480 985789 794245
481 369881 582467
482 738284 665275
483 300237 318910
484 898568 621835
485 847940 69685
486 169652 289550
487 709267 747468
488 111 619590
489 486328 97774
490 625582 889296
491 607937 637875
492 245436 558232
493 566973 983029
494 319799 139071
495 874588 766298
496 369090 102647
497 29091 958112
498 966613 957464
499 872113 923782
500 551952 329231
501 703322 453214
502 655129 371951
503 228601 288960
504 949755 289993
505 655195 403331
506 48633 353560
507 858778 67780
508 118633 263273
509 86384 839082
510 237154 132623
511 398522 297957
512 609819 275592
513 366901 400197
514 874121 762705
515 733600 207130
516 527145 859176
517 140871 818417
518 204600 947081
519 874619 764289
520 279453 648129
521 552801 87663
522 744841 279150
523 486386 66584
524 924516 630660
525 114879 245960
526 918562 668383
527 728049 884055
528 49441 351382
529 218771 702029
530 340252 367545
531 405870 117596
532 872470 722711
533 508173 605924
534 552126 256220
535 298851 461432
536 111244 447847
537 725870 766671
538 841395 94611
539 26393 731065
540 109525 559362
541 439520 693621
542 681563 171662
543 303726 479435
544 5950 622091
545 137323 486261
546 260094 159929
547 385123 716382
548 226367 766469
549 171024 112723
550 966640 463518
551 608794 769365
552 359179 61957
553 356772 988342
554 751356 160837
555 768490 979729
556 467121 474903
557 910313 439617
558 633348 853947
559 32852 702673
560 725812 846524
561 191737 482606
562 29608 380634
563 587867 391554
564 941413 997926
565 814041 59154
566 634258 221734
567 588296 988140
568 42252 961259
569 292695 194161
570 251139 949930
571 919876 804599
572 794293 225634
573 814563 443277
574 193237 590647
575 783874 929465
576 627485 742193
577 54120 333843
578 499329 78860
579 800263 44146
580 205717 127128
581 292173 908749
582 344001 174371
583 261399 961293
584 589546 808929
585 612301 792144
586 652193 973564
587 314784 344273
588 69802 384010
589 246222 614487
590 624514 415770
591 432532 245358
592 345820 649487
593 546857 739817
594 364255 509755
595 549815 962616
596 166538 762967
597 647298 458878
598 625761 77413
599 580192 638232
600 754175 412464
601 814878 180325
602 494785 527834
603 306751 759528
604 45000 377430
605 199610 412145
606 155365 372452
607 32813 651980
608 124135 132408
609 793584 567601
610 614260 388311
611 900754 115892
612 379322 673226
613 965254 613930
614 236097 730554
615 530662 784859
616 827492 822964
617 542921 40769
618 181688 816527
619 455473 835220
620 655642 138205
621 382952 288093
622 458446 181371
623 449475 741963
624 996177 225318
625 525827 958414
626 223345 662572
627 485980 551036
628 468130 657289
629 959849 700979
630 505618 417724
631 447839 619509
632 888930 194927
633 829969 471807
634 825200 332256
635 559830 323277
636 703489 527897
637 102820 161865
638 91138 192417
639 580319 904492
640 180684 918399
641 991121 119749
642 689962 705652
643 311019 275978
644 379947 518662
645 931479 112229
646 225064 225236
647 971507 591309
648 178969 955680
649 304120 7324
650 349678 79393
651 378954 356979
652 151854 889296
653 708272 548476
654 140205 966963
655 128033 708820
656 483532 534036
657 609469 152469
658 652611 350235
659 67271 706779
660 506266 969046
661 143280 289076
662 675328 712688
663 225364 659038
664 375767 974535
665 803084 818676
666 926185 559556
667 44157 517400
668 963665 852094
669 757887 120634
670 244925 888048
671 400195 971331
672 336768 825666
673 106911 631683
674 56806 396315
675 579653 176242
676 973586 637592
677 897807 64761
678 517961 200913
679 710404 463431
680 101086 214201
681 48586 984468
682 230485 3989
683 955201 495687
684 380101 145496
685 328200 161103
686 804429 367184
687 793918 507137
688 687803 74490
689 456579 239726
690 20790 446723
691 860596 340606
692 842320 638692
693 420722 617775
694 898515 469863
695 575707 671284
696 334627 916420
697 723802 194331
698 897645 452376
699 423259 101463
700 103132 46737
701 760721 808309
702 161025 86948
703 380509 188412
704 19398 556001
705 278315 361897
706 534000 695646
707 592534 514963
708 280540 813755
709 558822 694287
710 976537 200011
711 614663 578174
712 314494 106636
713 374989 284572
714 506839 804822
715 964892 98414
716 250561 889958
717 344093 258744
718 889776 832769
719 330414 900416
720 816637 519892
721 223348 254370
722 654833 24135
723 828929 195144
724 240880 510907
725 39055 425808
726 132538 535204
727 604422 927448
728 951035 351950
729 119417 767760
730 81939 778551
731 635184 352187
732 581097 959686
733 470525 697923
734 260364 229182
735 173013 233252
736 472203 635496
737 61537 933455
738 302209 446981
739 608032 220831
740 632096 566715
741 913113 612137
742 629938 122010
743 215686 842920
744 884382 869611
745 899909 211610
746 899440 532868
747 996120 811267
748 75000 444521
749 974516 242578
750 459923 197143
751 203981 335882
752 826886 910031
753 756326 812437
754 146995 343946
755 452603 923234
756 628481 963457
757 292835 676518
758 198882 708782
759 433459 362806
760 174993 574161
761 848652 616202
762 708543 953945
763 49636 207556
764 321873 57444
765 947323 637014
766 378442 284782
767 885780 669519
768 547161 861730
769 864956 459083
770 729365 903033
771 819314 459196
772 434329 22505
773 619856 437712
774 403882 811611
775 99905 392552
776 177617 996762
777 948865 645406
778 432123 965114
779 4944 48637
780 585119 52995
781 952189 253744
782 517640 274503
783 70344 655071
784 336220 848213
785 703318 209933
786 427783 274098
787 47860 447074
788 335591 244820
789 344011 780912
790 853016 934979
791 228543 996046
792 48271 560563
793 903009 273984
794 531100 440710
795 838214 18551
796 642952 254666
797 3503 251618
798 614954 135300
799 17917 707585
800 911870 367443
801 823504 41516
802 74330 507258
803 713383 90265
804 109353 605155
805 532527 116028
806 378756 449260
807 2953 707387
808 267423 559130
809 243787 595550
810 741880 229199
811 278891 498604
812 414687 632444
813 568828 293586
814 300199 488588
815 470818 134032
816 173477 867462
817 131564 550215
818 906384 386833
819 329723 325512
820 132792 682872
821 506143 164734
822 431554 378031
823 222381 478705
824 864916 798888
825 837111 66682
826 411559 848787
827 111434 304041
828 862660 521937
829 617563 676939
830 949755 154527
831 233527 929713
832 227596 898622
833 581178 810342
834 369159 783055
835 606021 77198
836 864728 832452
837 659463 610333
838 22938 900805
839 446058 454406
840 200908 799944
841 294259 256540
842 217344 383698
843 222282 332966
844 181458 875606
845 490118 68413
846 485625 190185
847 861460 320300
848 242217 614741
849 796852 387847
850 892923 376894
851 138616 358050
852 251362 493650
853 717232 657797
854 326124 50697
855 487445 995251
856 596239 472432
857 59360 715936
858 821266 577802
859 718388 632438
860 563949 215121
861 815425 423895
862 542776 127904
863 934990 116287
864 990846 634144
865 657258 216333
866 313262 385579
867 157105 384203
868 157032 978221
869 884687 878631
870 938644 262368
871 205649 103845
872 497318 829750
873 70126 941274
874 607864 845417
875 246681 415349
876 360980 50958
877 986815 52706
878 72190 233308
879 794906 874528
880 613615 483716
881 179309 398898
882 369450 997496
883 456030 409027
884 487867 984399
885 458986 946663
886 677519 98854
887 70580 616204
888 113384 810724
889 830560 53222
890 421175 979035
891 422676 240703
892 89437 63280
893 542916 594751
894 813014 788851
895 172493 502949
896 84084 182982
897 225848 543209
898 232707 710179
899 442307 158268
900 804115 633911
901 984471 127359
902 428618 124947
903 222305 977657
904 949664 733638
905 449899 191735
906 348657 168509
907 153013 259114
908 96281 276725
909 779105 684614
910 252074 739963
911 292980 464378
912 948270 291148
913 805632 719754
914 325634 338740
915 552521 451195
916 677598 889425
917 836872 984959
918 93321 488949
919 628019 437402
920 320518 406393
921 512614 423581
922 691357 587941
923 988595 903869
924 535671 282464
925 521650 965135
926 176426 439872
927 891892 985651
928 981218 630011
929 342655 916526
930 863902 905495
931 396393 98035
932 24971 192547
933 456188 836122
934 831566 483590
935 412972 954866
936 871161 512111
937 40776 928110
938 269695 623324
939 31535 118475
940 634415 155495
941 440424 846876
942 673078 421358
943 825628 705223
944 485575 490173
945 198840 24040
946 168184 554418
947 350531 633891
948 82607 594897
949 502013 885896
950 831939 517517
951 505322 869685
952 839228 295579
953 24461 861973
954 443488 243636
955 111582 750527
956 439195 162031
957 251296 669259
958 933420 82213
959 863444 492313
960 368707 326629
961 526594 963927
962 431227 482727
963 842734 972982
964 195297 429393
965 618062 559010
966 721378 596125
967 150523 814241
968 701053 717816
969 455181 871293
970 957152 606053
971 94974 524678
972 930418 647627
973 412466 26262
974 622740 820850
975 25008 517720
976 452431 210377
977 837826 393582
978 208328 118660
979 513498 801194
980 658226 164830
981 698823 551349
982 332554 360880
983 469469 556228
984 337425 876432
985 174278 776407
986 580501 21273
987 631602 353931
988 530699 899078
989 414550 427295
990 377128 423653
991 100060 919578
992 154671 138152
993 607225 697085
994 505021 975016
995 5220 854178
996 238696 86896
997 925665 985601
998 595119 405118
999 313724 581618
1000 43755 99569